dict_keys(['__header__', '__version__', '__globals__', 'X097_DE_time', 'X097_FE_time', 'X097RPM'])
6
[[ 0.05319692]
 [ 0.08866154]
 [ 0.09971815]
 ...
 [-0.03463015]
 [ 0.01668923]
 [ 0.04693846]]
[[ 0.05319692]
 [ 0.08866154]
 [ 0.09971815]
 ...
 [-0.03463015]
 [ 0.01668923]
 [ 0.04693846]]
[[ 0.05319692]
 [ 0.08866154]
 [ 0.09971815]
 ...
 [-0.03463015]
 [ 0.01668923]
 [ 0.04693846]]
[[ 0.05319692]
 [ 0.08866154]
 [ 0.09971815]
 ...
 [-0.03463015]
 [ 0.01668923]
 [ 0.04693846]]
[[ 0.05319692]
 [ 0.08866154]
 [ 0.09971815]
 ...
 [-0.03463015]
 [ 0.01668923]
 [ 0.04693846]]
[[ 0.05319692]
 [ 0.08866154]
 [ 0.09971815]
 ...
 [-0.03463015]
 [ 0.01668923]
 [ 0.04693846]]
